{
 "cells": [
  {
   "cell_type": "code",
   "execution_count": 1,
   "metadata": {},
   "outputs": [],
   "source": [
    "import numpy as np\n",
    "import pandas as pd\n",
    "\n",
    "#Data Source\n",
    "import yfinance as yf\n",
    "\n",
    "from pandas_datareader import data\n",
    "import matplotlib.pyplot as plt\n",
    "%matplotlib inline\n"
   ]
  },
  {
   "cell_type": "code",
   "execution_count": 2,
   "metadata": {},
   "outputs": [
    {
     "name": "stdout",
     "output_type": "stream",
     "text": [
      "[*********************100%***********************]  11 of 11 completed\n"
     ]
    }
   ],
   "source": [
    "df = yf.download(\"VDE VAW VIS VCR VDC VHT VFH VGT VOX VPU VNQ\", period=\"2y\", interval = \"1d\")['Adj Close']"
   ]
  },
  {
   "cell_type": "code",
   "execution_count": 3,
   "metadata": {},
   "outputs": [
    {
     "data": {
      "text/plain": [
       "VAW    0.232834\n",
       "VCR    0.374343\n",
       "VDC    0.109568\n",
       "VDE    0.143237\n",
       "VFH    0.187174\n",
       "VGT    0.368837\n",
       "VHT    0.174624\n",
       "VIS    0.176082\n",
       "VNQ    0.135049\n",
       "VOX    0.245687\n",
       "VPU    0.041107\n",
       "dtype: float64"
      ]
     },
     "execution_count": 3,
     "metadata": {},
     "output_type": "execute_result"
    }
   ],
   "source": [
    "# Estimated yearly returns for individual ETF\n",
    "ind_er = df.resample('Y').last().pct_change().mean()\n",
    "ind_er"
   ]
  },
  {
   "cell_type": "code",
   "execution_count": 4,
   "metadata": {},
   "outputs": [
    {
     "data": {
      "text/plain": [
       "VAW    0.002951\n",
       "VCR    0.023869\n",
       "VDC    0.000002\n",
       "VDE    0.448383\n",
       "VFH    0.085508\n",
       "VGT    0.016781\n",
       "VHT    0.000137\n",
       "VIS    0.005547\n",
       "VNQ    0.065633\n",
       "VOX    0.004143\n",
       "VPU    0.004696\n",
       "dtype: float64"
      ]
     },
     "execution_count": 4,
     "metadata": {},
     "output_type": "execute_result"
    }
   ],
   "source": [
    "# Variance for individual ETF\n",
    "df.resample('Y').last().pct_change().var()"
   ]
  },
  {
   "cell_type": "code",
   "execution_count": 5,
   "metadata": {},
   "outputs": [
    {
     "data": {
      "text/html": [
       "<div>\n",
       "<style scoped>\n",
       "    .dataframe tbody tr th:only-of-type {\n",
       "        vertical-align: middle;\n",
       "    }\n",
       "\n",
       "    .dataframe tbody tr th {\n",
       "        vertical-align: top;\n",
       "    }\n",
       "\n",
       "    .dataframe thead th {\n",
       "        text-align: right;\n",
       "    }\n",
       "</style>\n",
       "<table border=\"1\" class=\"dataframe\">\n",
       "  <thead>\n",
       "    <tr style=\"text-align: right;\">\n",
       "      <th></th>\n",
       "      <th>VAW</th>\n",
       "      <th>VCR</th>\n",
       "      <th>VDC</th>\n",
       "      <th>VDE</th>\n",
       "      <th>VFH</th>\n",
       "      <th>VGT</th>\n",
       "      <th>VHT</th>\n",
       "      <th>VIS</th>\n",
       "      <th>VNQ</th>\n",
       "      <th>VOX</th>\n",
       "      <th>VPU</th>\n",
       "    </tr>\n",
       "  </thead>\n",
       "  <tbody>\n",
       "    <tr>\n",
       "      <td>VAW</td>\n",
       "      <td>1.000000</td>\n",
       "      <td>0.823874</td>\n",
       "      <td>0.776481</td>\n",
       "      <td>0.789243</td>\n",
       "      <td>0.909179</td>\n",
       "      <td>0.745266</td>\n",
       "      <td>0.780413</td>\n",
       "      <td>0.939307</td>\n",
       "      <td>0.819467</td>\n",
       "      <td>0.762979</td>\n",
       "      <td>0.728977</td>\n",
       "    </tr>\n",
       "    <tr>\n",
       "      <td>VCR</td>\n",
       "      <td>0.823874</td>\n",
       "      <td>1.000000</td>\n",
       "      <td>0.727009</td>\n",
       "      <td>0.650249</td>\n",
       "      <td>0.790121</td>\n",
       "      <td>0.887380</td>\n",
       "      <td>0.791348</td>\n",
       "      <td>0.847323</td>\n",
       "      <td>0.796447</td>\n",
       "      <td>0.886614</td>\n",
       "      <td>0.647512</td>\n",
       "    </tr>\n",
       "    <tr>\n",
       "      <td>VDC</td>\n",
       "      <td>0.776481</td>\n",
       "      <td>0.727009</td>\n",
       "      <td>1.000000</td>\n",
       "      <td>0.559302</td>\n",
       "      <td>0.751159</td>\n",
       "      <td>0.754895</td>\n",
       "      <td>0.828857</td>\n",
       "      <td>0.785954</td>\n",
       "      <td>0.792140</td>\n",
       "      <td>0.760703</td>\n",
       "      <td>0.853102</td>\n",
       "    </tr>\n",
       "    <tr>\n",
       "      <td>VDE</td>\n",
       "      <td>0.789243</td>\n",
       "      <td>0.650249</td>\n",
       "      <td>0.559302</td>\n",
       "      <td>1.000000</td>\n",
       "      <td>0.830366</td>\n",
       "      <td>0.545864</td>\n",
       "      <td>0.579841</td>\n",
       "      <td>0.804143</td>\n",
       "      <td>0.657030</td>\n",
       "      <td>0.607106</td>\n",
       "      <td>0.504085</td>\n",
       "    </tr>\n",
       "    <tr>\n",
       "      <td>VFH</td>\n",
       "      <td>0.909179</td>\n",
       "      <td>0.790121</td>\n",
       "      <td>0.751159</td>\n",
       "      <td>0.830366</td>\n",
       "      <td>1.000000</td>\n",
       "      <td>0.700049</td>\n",
       "      <td>0.744860</td>\n",
       "      <td>0.940553</td>\n",
       "      <td>0.839568</td>\n",
       "      <td>0.748434</td>\n",
       "      <td>0.723906</td>\n",
       "    </tr>\n",
       "    <tr>\n",
       "      <td>VGT</td>\n",
       "      <td>0.745266</td>\n",
       "      <td>0.887380</td>\n",
       "      <td>0.754895</td>\n",
       "      <td>0.545864</td>\n",
       "      <td>0.700049</td>\n",
       "      <td>1.000000</td>\n",
       "      <td>0.848331</td>\n",
       "      <td>0.759941</td>\n",
       "      <td>0.732486</td>\n",
       "      <td>0.907409</td>\n",
       "      <td>0.648173</td>\n",
       "    </tr>\n",
       "    <tr>\n",
       "      <td>VHT</td>\n",
       "      <td>0.780413</td>\n",
       "      <td>0.791348</td>\n",
       "      <td>0.828857</td>\n",
       "      <td>0.579841</td>\n",
       "      <td>0.744860</td>\n",
       "      <td>0.848331</td>\n",
       "      <td>1.000000</td>\n",
       "      <td>0.792310</td>\n",
       "      <td>0.778689</td>\n",
       "      <td>0.813444</td>\n",
       "      <td>0.765035</td>\n",
       "    </tr>\n",
       "    <tr>\n",
       "      <td>VIS</td>\n",
       "      <td>0.939307</td>\n",
       "      <td>0.847323</td>\n",
       "      <td>0.785954</td>\n",
       "      <td>0.804143</td>\n",
       "      <td>0.940553</td>\n",
       "      <td>0.759941</td>\n",
       "      <td>0.792310</td>\n",
       "      <td>1.000000</td>\n",
       "      <td>0.858558</td>\n",
       "      <td>0.784340</td>\n",
       "      <td>0.743266</td>\n",
       "    </tr>\n",
       "    <tr>\n",
       "      <td>VNQ</td>\n",
       "      <td>0.819467</td>\n",
       "      <td>0.796447</td>\n",
       "      <td>0.792140</td>\n",
       "      <td>0.657030</td>\n",
       "      <td>0.839568</td>\n",
       "      <td>0.732486</td>\n",
       "      <td>0.778689</td>\n",
       "      <td>0.858558</td>\n",
       "      <td>1.000000</td>\n",
       "      <td>0.758325</td>\n",
       "      <td>0.832023</td>\n",
       "    </tr>\n",
       "    <tr>\n",
       "      <td>VOX</td>\n",
       "      <td>0.762979</td>\n",
       "      <td>0.886614</td>\n",
       "      <td>0.760703</td>\n",
       "      <td>0.607106</td>\n",
       "      <td>0.748434</td>\n",
       "      <td>0.907409</td>\n",
       "      <td>0.813444</td>\n",
       "      <td>0.784340</td>\n",
       "      <td>0.758325</td>\n",
       "      <td>1.000000</td>\n",
       "      <td>0.661239</td>\n",
       "    </tr>\n",
       "    <tr>\n",
       "      <td>VPU</td>\n",
       "      <td>0.728977</td>\n",
       "      <td>0.647512</td>\n",
       "      <td>0.853102</td>\n",
       "      <td>0.504085</td>\n",
       "      <td>0.723906</td>\n",
       "      <td>0.648173</td>\n",
       "      <td>0.765035</td>\n",
       "      <td>0.743266</td>\n",
       "      <td>0.832023</td>\n",
       "      <td>0.661239</td>\n",
       "      <td>1.000000</td>\n",
       "    </tr>\n",
       "  </tbody>\n",
       "</table>\n",
       "</div>"
      ],
      "text/plain": [
       "          VAW       VCR       VDC       VDE       VFH       VGT       VHT  \\\n",
       "VAW  1.000000  0.823874  0.776481  0.789243  0.909179  0.745266  0.780413   \n",
       "VCR  0.823874  1.000000  0.727009  0.650249  0.790121  0.887380  0.791348   \n",
       "VDC  0.776481  0.727009  1.000000  0.559302  0.751159  0.754895  0.828857   \n",
       "VDE  0.789243  0.650249  0.559302  1.000000  0.830366  0.545864  0.579841   \n",
       "VFH  0.909179  0.790121  0.751159  0.830366  1.000000  0.700049  0.744860   \n",
       "VGT  0.745266  0.887380  0.754895  0.545864  0.700049  1.000000  0.848331   \n",
       "VHT  0.780413  0.791348  0.828857  0.579841  0.744860  0.848331  1.000000   \n",
       "VIS  0.939307  0.847323  0.785954  0.804143  0.940553  0.759941  0.792310   \n",
       "VNQ  0.819467  0.796447  0.792140  0.657030  0.839568  0.732486  0.778689   \n",
       "VOX  0.762979  0.886614  0.760703  0.607106  0.748434  0.907409  0.813444   \n",
       "VPU  0.728977  0.647512  0.853102  0.504085  0.723906  0.648173  0.765035   \n",
       "\n",
       "          VIS       VNQ       VOX       VPU  \n",
       "VAW  0.939307  0.819467  0.762979  0.728977  \n",
       "VCR  0.847323  0.796447  0.886614  0.647512  \n",
       "VDC  0.785954  0.792140  0.760703  0.853102  \n",
       "VDE  0.804143  0.657030  0.607106  0.504085  \n",
       "VFH  0.940553  0.839568  0.748434  0.723906  \n",
       "VGT  0.759941  0.732486  0.907409  0.648173  \n",
       "VHT  0.792310  0.778689  0.813444  0.765035  \n",
       "VIS  1.000000  0.858558  0.784340  0.743266  \n",
       "VNQ  0.858558  1.000000  0.758325  0.832023  \n",
       "VOX  0.784340  0.758325  1.000000  0.661239  \n",
       "VPU  0.743266  0.832023  0.661239  1.000000  "
      ]
     },
     "execution_count": 5,
     "metadata": {},
     "output_type": "execute_result"
    }
   ],
   "source": [
    "# Correlation Coefficient Matrix\n",
    "corr_matrix = df.pct_change().apply(lambda x: np.log(1+x)).corr()\n",
    "corr_matrix"
   ]
  },
  {
   "cell_type": "code",
   "execution_count": 6,
   "metadata": {},
   "outputs": [
    {
     "name": "stdout",
     "output_type": "stream",
     "text": [
      "[*********************100%***********************]  8 of 8 completed\n"
     ]
    }
   ],
   "source": [
    "# VIS, VFH and VOX are now removed due to their high correlation coefficients\n",
    "df = yf.download(\"VDE VAW VCR VDC VHT VGT VPU VNQ\", period=\"2y\", interval = \"1d\")['Adj Close']"
   ]
  },
  {
   "cell_type": "code",
   "execution_count": 7,
   "metadata": {},
   "outputs": [
    {
     "data": {
      "text/html": [
       "<div>\n",
       "<style scoped>\n",
       "    .dataframe tbody tr th:only-of-type {\n",
       "        vertical-align: middle;\n",
       "    }\n",
       "\n",
       "    .dataframe tbody tr th {\n",
       "        vertical-align: top;\n",
       "    }\n",
       "\n",
       "    .dataframe thead th {\n",
       "        text-align: right;\n",
       "    }\n",
       "</style>\n",
       "<table border=\"1\" class=\"dataframe\">\n",
       "  <thead>\n",
       "    <tr style=\"text-align: right;\">\n",
       "      <th></th>\n",
       "      <th>VAW</th>\n",
       "      <th>VCR</th>\n",
       "      <th>VDC</th>\n",
       "      <th>VDE</th>\n",
       "      <th>VGT</th>\n",
       "      <th>VHT</th>\n",
       "      <th>VNQ</th>\n",
       "      <th>VPU</th>\n",
       "    </tr>\n",
       "  </thead>\n",
       "  <tbody>\n",
       "    <tr>\n",
       "      <td>VAW</td>\n",
       "      <td>0.000364</td>\n",
       "      <td>0.000270</td>\n",
       "      <td>0.000196</td>\n",
       "      <td>0.000443</td>\n",
       "      <td>0.000274</td>\n",
       "      <td>0.000220</td>\n",
       "      <td>0.000307</td>\n",
       "      <td>0.000255</td>\n",
       "    </tr>\n",
       "    <tr>\n",
       "      <td>VCR</td>\n",
       "      <td>0.000270</td>\n",
       "      <td>0.000297</td>\n",
       "      <td>0.000165</td>\n",
       "      <td>0.000328</td>\n",
       "      <td>0.000295</td>\n",
       "      <td>0.000201</td>\n",
       "      <td>0.000268</td>\n",
       "      <td>0.000203</td>\n",
       "    </tr>\n",
       "    <tr>\n",
       "      <td>VDC</td>\n",
       "      <td>0.000196</td>\n",
       "      <td>0.000165</td>\n",
       "      <td>0.000176</td>\n",
       "      <td>0.000216</td>\n",
       "      <td>0.000193</td>\n",
       "      <td>0.000163</td>\n",
       "      <td>0.000207</td>\n",
       "      <td>0.000208</td>\n",
       "    </tr>\n",
       "    <tr>\n",
       "      <td>VDE</td>\n",
       "      <td>0.000443</td>\n",
       "      <td>0.000328</td>\n",
       "      <td>0.000216</td>\n",
       "      <td>0.000879</td>\n",
       "      <td>0.000308</td>\n",
       "      <td>0.000252</td>\n",
       "      <td>0.000380</td>\n",
       "      <td>0.000271</td>\n",
       "    </tr>\n",
       "    <tr>\n",
       "      <td>VGT</td>\n",
       "      <td>0.000274</td>\n",
       "      <td>0.000295</td>\n",
       "      <td>0.000193</td>\n",
       "      <td>0.000308</td>\n",
       "      <td>0.000373</td>\n",
       "      <td>0.000243</td>\n",
       "      <td>0.000277</td>\n",
       "      <td>0.000229</td>\n",
       "    </tr>\n",
       "    <tr>\n",
       "      <td>VHT</td>\n",
       "      <td>0.000220</td>\n",
       "      <td>0.000201</td>\n",
       "      <td>0.000163</td>\n",
       "      <td>0.000252</td>\n",
       "      <td>0.000243</td>\n",
       "      <td>0.000221</td>\n",
       "      <td>0.000226</td>\n",
       "      <td>0.000208</td>\n",
       "    </tr>\n",
       "    <tr>\n",
       "      <td>VNQ</td>\n",
       "      <td>0.000307</td>\n",
       "      <td>0.000268</td>\n",
       "      <td>0.000207</td>\n",
       "      <td>0.000380</td>\n",
       "      <td>0.000277</td>\n",
       "      <td>0.000226</td>\n",
       "      <td>0.000387</td>\n",
       "      <td>0.000300</td>\n",
       "    </tr>\n",
       "    <tr>\n",
       "      <td>VPU</td>\n",
       "      <td>0.000255</td>\n",
       "      <td>0.000203</td>\n",
       "      <td>0.000208</td>\n",
       "      <td>0.000271</td>\n",
       "      <td>0.000229</td>\n",
       "      <td>0.000208</td>\n",
       "      <td>0.000300</td>\n",
       "      <td>0.000338</td>\n",
       "    </tr>\n",
       "  </tbody>\n",
       "</table>\n",
       "</div>"
      ],
      "text/plain": [
       "          VAW       VCR       VDC       VDE       VGT       VHT       VNQ  \\\n",
       "VAW  0.000364  0.000270  0.000196  0.000443  0.000274  0.000220  0.000307   \n",
       "VCR  0.000270  0.000297  0.000165  0.000328  0.000295  0.000201  0.000268   \n",
       "VDC  0.000196  0.000165  0.000176  0.000216  0.000193  0.000163  0.000207   \n",
       "VDE  0.000443  0.000328  0.000216  0.000879  0.000308  0.000252  0.000380   \n",
       "VGT  0.000274  0.000295  0.000193  0.000308  0.000373  0.000243  0.000277   \n",
       "VHT  0.000220  0.000201  0.000163  0.000252  0.000243  0.000221  0.000226   \n",
       "VNQ  0.000307  0.000268  0.000207  0.000380  0.000277  0.000226  0.000387   \n",
       "VPU  0.000255  0.000203  0.000208  0.000271  0.000229  0.000208  0.000300   \n",
       "\n",
       "          VPU  \n",
       "VAW  0.000255  \n",
       "VCR  0.000203  \n",
       "VDC  0.000208  \n",
       "VDE  0.000271  \n",
       "VGT  0.000229  \n",
       "VHT  0.000208  \n",
       "VNQ  0.000300  \n",
       "VPU  0.000338  "
      ]
     },
     "execution_count": 7,
     "metadata": {},
     "output_type": "execute_result"
    }
   ],
   "source": [
    "# Covariance Matrix\n",
    "cov_matrix = df.pct_change().cov()\n",
    "cov_matrix"
   ]
  },
  {
   "cell_type": "code",
   "execution_count": 8,
   "metadata": {},
   "outputs": [
    {
     "data": {
      "text/html": [
       "<div>\n",
       "<style scoped>\n",
       "    .dataframe tbody tr th:only-of-type {\n",
       "        vertical-align: middle;\n",
       "    }\n",
       "\n",
       "    .dataframe tbody tr th {\n",
       "        vertical-align: top;\n",
       "    }\n",
       "\n",
       "    .dataframe thead th {\n",
       "        text-align: right;\n",
       "    }\n",
       "</style>\n",
       "<table border=\"1\" class=\"dataframe\">\n",
       "  <thead>\n",
       "    <tr style=\"text-align: right;\">\n",
       "      <th></th>\n",
       "      <th>VAW</th>\n",
       "      <th>VCR</th>\n",
       "      <th>VDC</th>\n",
       "      <th>VDE</th>\n",
       "      <th>VGT</th>\n",
       "      <th>VHT</th>\n",
       "      <th>VNQ</th>\n",
       "      <th>VPU</th>\n",
       "    </tr>\n",
       "  </thead>\n",
       "  <tbody>\n",
       "    <tr>\n",
       "      <td>VAW</td>\n",
       "      <td>1.000000</td>\n",
       "      <td>0.823874</td>\n",
       "      <td>0.776481</td>\n",
       "      <td>0.789243</td>\n",
       "      <td>0.745267</td>\n",
       "      <td>0.780413</td>\n",
       "      <td>0.819467</td>\n",
       "      <td>0.728977</td>\n",
       "    </tr>\n",
       "    <tr>\n",
       "      <td>VCR</td>\n",
       "      <td>0.823874</td>\n",
       "      <td>1.000000</td>\n",
       "      <td>0.727010</td>\n",
       "      <td>0.650248</td>\n",
       "      <td>0.887380</td>\n",
       "      <td>0.791348</td>\n",
       "      <td>0.796447</td>\n",
       "      <td>0.647511</td>\n",
       "    </tr>\n",
       "    <tr>\n",
       "      <td>VDC</td>\n",
       "      <td>0.776481</td>\n",
       "      <td>0.727010</td>\n",
       "      <td>1.000000</td>\n",
       "      <td>0.559302</td>\n",
       "      <td>0.754896</td>\n",
       "      <td>0.828858</td>\n",
       "      <td>0.792141</td>\n",
       "      <td>0.853102</td>\n",
       "    </tr>\n",
       "    <tr>\n",
       "      <td>VDE</td>\n",
       "      <td>0.789243</td>\n",
       "      <td>0.650248</td>\n",
       "      <td>0.559302</td>\n",
       "      <td>1.000000</td>\n",
       "      <td>0.545864</td>\n",
       "      <td>0.579840</td>\n",
       "      <td>0.657030</td>\n",
       "      <td>0.504085</td>\n",
       "    </tr>\n",
       "    <tr>\n",
       "      <td>VGT</td>\n",
       "      <td>0.745267</td>\n",
       "      <td>0.887380</td>\n",
       "      <td>0.754896</td>\n",
       "      <td>0.545864</td>\n",
       "      <td>1.000000</td>\n",
       "      <td>0.848331</td>\n",
       "      <td>0.732486</td>\n",
       "      <td>0.648173</td>\n",
       "    </tr>\n",
       "    <tr>\n",
       "      <td>VHT</td>\n",
       "      <td>0.780413</td>\n",
       "      <td>0.791348</td>\n",
       "      <td>0.828858</td>\n",
       "      <td>0.579840</td>\n",
       "      <td>0.848331</td>\n",
       "      <td>1.000000</td>\n",
       "      <td>0.778689</td>\n",
       "      <td>0.765035</td>\n",
       "    </tr>\n",
       "    <tr>\n",
       "      <td>VNQ</td>\n",
       "      <td>0.819467</td>\n",
       "      <td>0.796447</td>\n",
       "      <td>0.792141</td>\n",
       "      <td>0.657030</td>\n",
       "      <td>0.732486</td>\n",
       "      <td>0.778689</td>\n",
       "      <td>1.000000</td>\n",
       "      <td>0.832023</td>\n",
       "    </tr>\n",
       "    <tr>\n",
       "      <td>VPU</td>\n",
       "      <td>0.728977</td>\n",
       "      <td>0.647511</td>\n",
       "      <td>0.853102</td>\n",
       "      <td>0.504085</td>\n",
       "      <td>0.648173</td>\n",
       "      <td>0.765035</td>\n",
       "      <td>0.832023</td>\n",
       "      <td>1.000000</td>\n",
       "    </tr>\n",
       "  </tbody>\n",
       "</table>\n",
       "</div>"
      ],
      "text/plain": [
       "          VAW       VCR       VDC       VDE       VGT       VHT       VNQ  \\\n",
       "VAW  1.000000  0.823874  0.776481  0.789243  0.745267  0.780413  0.819467   \n",
       "VCR  0.823874  1.000000  0.727010  0.650248  0.887380  0.791348  0.796447   \n",
       "VDC  0.776481  0.727010  1.000000  0.559302  0.754896  0.828858  0.792141   \n",
       "VDE  0.789243  0.650248  0.559302  1.000000  0.545864  0.579840  0.657030   \n",
       "VGT  0.745267  0.887380  0.754896  0.545864  1.000000  0.848331  0.732486   \n",
       "VHT  0.780413  0.791348  0.828858  0.579840  0.848331  1.000000  0.778689   \n",
       "VNQ  0.819467  0.796447  0.792141  0.657030  0.732486  0.778689  1.000000   \n",
       "VPU  0.728977  0.647511  0.853102  0.504085  0.648173  0.765035  0.832023   \n",
       "\n",
       "          VPU  \n",
       "VAW  0.728977  \n",
       "VCR  0.647511  \n",
       "VDC  0.853102  \n",
       "VDE  0.504085  \n",
       "VGT  0.648173  \n",
       "VHT  0.765035  \n",
       "VNQ  0.832023  \n",
       "VPU  1.000000  "
      ]
     },
     "execution_count": 8,
     "metadata": {},
     "output_type": "execute_result"
    }
   ],
   "source": [
    "# Correlation Coefficient Matrix\n",
    "corr_matrix = df.pct_change().apply(lambda x: np.log(1+x)).corr()\n",
    "corr_matrix"
   ]
  },
  {
   "cell_type": "code",
   "execution_count": 9,
   "metadata": {},
   "outputs": [
    {
     "data": {
      "text/plain": [
       "VAW    0.232834\n",
       "VCR    0.374343\n",
       "VDC    0.109568\n",
       "VDE    0.143237\n",
       "VGT    0.368837\n",
       "VHT    0.174624\n",
       "VNQ    0.135049\n",
       "VPU    0.041107\n",
       "dtype: float64"
      ]
     },
     "execution_count": 9,
     "metadata": {},
     "output_type": "execute_result"
    }
   ],
   "source": [
    "# Estimated yearly returns for individual ETF\n",
    "ind_er = df.resample('Y').last().pct_change().mean()\n",
    "ind_er"
   ]
  },
  {
   "cell_type": "code",
   "execution_count": 10,
   "metadata": {},
   "outputs": [
    {
     "data": {
      "text/plain": [
       "VAW    0.002951\n",
       "VCR    0.023869\n",
       "VDC    0.000002\n",
       "VDE    0.448383\n",
       "VGT    0.016781\n",
       "VHT    0.000137\n",
       "VNQ    0.065633\n",
       "VPU    0.004696\n",
       "dtype: float64"
      ]
     },
     "execution_count": 10,
     "metadata": {},
     "output_type": "execute_result"
    }
   ],
   "source": [
    "# Variance for individual ETF\n",
    "df.resample('Y').last().pct_change().var()"
   ]
  },
  {
   "cell_type": "code",
   "execution_count": 11,
   "metadata": {},
   "outputs": [
    {
     "data": {
      "text/plain": [
       "VAW    0.303522\n",
       "VCR    0.275689\n",
       "VDC    0.209727\n",
       "VDE    0.473346\n",
       "VGT    0.306986\n",
       "VHT    0.235887\n",
       "VNQ    0.317078\n",
       "VPU    0.290528\n",
       "dtype: float64"
      ]
     },
     "execution_count": 11,
     "metadata": {},
     "output_type": "execute_result"
    }
   ],
   "source": [
    "# Volatility is given by the annual standard deviation. We multiply by 250 because there are 250 trading days/year.\n",
    "ann_sd = df.pct_change().apply(lambda x: np.log(1+x)).std().apply(lambda x: x*np.sqrt(250))\n",
    "ann_sd"
   ]
  },
  {
   "cell_type": "code",
   "execution_count": 41,
   "metadata": {},
   "outputs": [
    {
     "data": {
      "text/html": [
       "<div>\n",
       "<style scoped>\n",
       "    .dataframe tbody tr th:only-of-type {\n",
       "        vertical-align: middle;\n",
       "    }\n",
       "\n",
       "    .dataframe tbody tr th {\n",
       "        vertical-align: top;\n",
       "    }\n",
       "\n",
       "    .dataframe thead th {\n",
       "        text-align: right;\n",
       "    }\n",
       "</style>\n",
       "<table border=\"1\" class=\"dataframe\">\n",
       "  <thead>\n",
       "    <tr style=\"text-align: right;\">\n",
       "      <th></th>\n",
       "      <th>Returns</th>\n",
       "      <th>Volatility</th>\n",
       "    </tr>\n",
       "  </thead>\n",
       "  <tbody>\n",
       "    <tr>\n",
       "      <td>VAW</td>\n",
       "      <td>0.232834</td>\n",
       "      <td>0.303522</td>\n",
       "    </tr>\n",
       "    <tr>\n",
       "      <td>VCR</td>\n",
       "      <td>0.374343</td>\n",
       "      <td>0.275689</td>\n",
       "    </tr>\n",
       "    <tr>\n",
       "      <td>VDC</td>\n",
       "      <td>0.109568</td>\n",
       "      <td>0.209727</td>\n",
       "    </tr>\n",
       "    <tr>\n",
       "      <td>VDE</td>\n",
       "      <td>0.143237</td>\n",
       "      <td>0.473346</td>\n",
       "    </tr>\n",
       "    <tr>\n",
       "      <td>VGT</td>\n",
       "      <td>0.368837</td>\n",
       "      <td>0.306986</td>\n",
       "    </tr>\n",
       "    <tr>\n",
       "      <td>VHT</td>\n",
       "      <td>0.174624</td>\n",
       "      <td>0.235887</td>\n",
       "    </tr>\n",
       "    <tr>\n",
       "      <td>VNQ</td>\n",
       "      <td>0.135049</td>\n",
       "      <td>0.317078</td>\n",
       "    </tr>\n",
       "    <tr>\n",
       "      <td>VPU</td>\n",
       "      <td>0.041107</td>\n",
       "      <td>0.290528</td>\n",
       "    </tr>\n",
       "  </tbody>\n",
       "</table>\n",
       "</div>"
      ],
      "text/plain": [
       "      Returns  Volatility\n",
       "VAW  0.232834    0.303522\n",
       "VCR  0.374343    0.275689\n",
       "VDC  0.109568    0.209727\n",
       "VDE  0.143237    0.473346\n",
       "VGT  0.368837    0.306986\n",
       "VHT  0.174624    0.235887\n",
       "VNQ  0.135049    0.317078\n",
       "VPU  0.041107    0.290528"
      ]
     },
     "execution_count": 41,
     "metadata": {},
     "output_type": "execute_result"
    }
   ],
   "source": [
    "assets = pd.concat([ind_er, ann_sd], axis=1) # Creating a table for visualising returns and volatility of assets\n",
    "assets.columns = ['Returns', 'Volatility']\n",
    "assets"
   ]
  },
  {
   "cell_type": "code",
   "execution_count": 12,
   "metadata": {},
   "outputs": [],
   "source": [
    "p_ret = [] # Define an empty array for portfolio returns\n",
    "p_vol = [] # Define an empty array for portfolio volatility\n",
    "p_weights = [] # Define an empty array for asset weights\n",
    "\n",
    "num_assets = len(df.columns)\n",
    "num_portfolios = 100000"
   ]
  },
  {
   "cell_type": "code",
   "execution_count": 13,
   "metadata": {},
   "outputs": [],
   "source": [
    "# Generate the set of minimum variance portfolio\n",
    "for portfolio in range(num_portfolios):\n",
    "    weights = np.random.random(num_assets)\n",
    "    weights = weights/np.sum(weights)\n",
    "    p_weights.append(weights)\n",
    "    returns = np.dot(weights, ind_er) # Returns are the product of individual expected returns of asset and its \n",
    "                                      # weights \n",
    "    p_ret.append(returns)\n",
    "    var = cov_matrix.mul(weights, axis=0).mul(weights, axis=1).sum().sum()# Portfolio Variance\n",
    "    sd = np.sqrt(var) # Daily standard deviation\n",
    "    ann_sd = sd*np.sqrt(250) # Annual standard deviation = volatility\n",
    "    p_vol.append(ann_sd)\n",
    "    \n",
    "data = {'Returns':p_ret, 'Volatility':p_vol}"
   ]
  },
  {
   "cell_type": "code",
   "execution_count": 14,
   "metadata": {},
   "outputs": [],
   "source": [
    "for counter, symbol in enumerate(df.columns.tolist()):\n",
    "    data[symbol+' weight'] = [w[counter] for w in p_weights]\n",
    "    \n",
    "portfolios  = pd.DataFrame(data)"
   ]
  },
  {
   "cell_type": "code",
   "execution_count": 15,
   "metadata": {},
   "outputs": [
    {
     "data": {
      "text/plain": [
       "Returns       0.142590\n",
       "Volatility    0.220456\n",
       "VAW weight    0.043311\n",
       "VCR weight    0.095017\n",
       "VDC weight    0.641368\n",
       "VDE weight    0.042176\n",
       "VGT weight    0.004896\n",
       "VHT weight    0.059669\n",
       "VNQ weight    0.039687\n",
       "VPU weight    0.073876\n",
       "Name: 73930, dtype: float64"
      ]
     },
     "execution_count": 15,
     "metadata": {},
     "output_type": "execute_result"
    }
   ],
   "source": [
    "# global minimum variance portfolio\n",
    "min_vol_port = portfolios.iloc[portfolios['Volatility'].idxmin()]\n",
    "min_vol_port"
   ]
  },
  {
   "cell_type": "code",
   "execution_count": 20,
   "metadata": {},
   "outputs": [
    {
     "data": {
      "text/plain": [
       "<matplotlib.collections.PathCollection at 0x7fc81ff8f910>"
      ]
     },
     "execution_count": 20,
     "metadata": {},
     "output_type": "execute_result"
    },
    {
     "data": {
